24
36
0
0
0
0
0
0
0
0
0
0
0
0
0
0
0
0
0
0
0
0
0
0
0
0
0
0
0
0
0
0
0
0
0
0
0
0
0
0
0
0
0
0
0
0
0
0
0
0
0
0
0
0
0
0
0
0
0
0
0
0
0
0
0
0
0
0
0
0
0
0
0
0
0
0
0
0
0
0
0
0
0
0
0
0
0
0
0
0
0
0
0
0
0
0
0
0
0
0
0
0
0
0
0
0
0
0
0
0
0
0
0
0
0
0
0
0
0
0
0
0
0
0
0
0
0
0
0
0
0
0
0
0
0
0
0
0
0
0
0
0
0
0
0
0
0
0
0
0
0
0
0
0
0
0
0
0
0
0
0
0
0
0
0
0
0
0
0
0
0
0
0
0
0
0
0
0
0
0
0
0
0
0
0
0
0
0
0
0
0
0
0
0
0
0
0
0
0
0
0
0
0
0
0
0
0
0
0
0
0
0
0
0
0
0
0
0
0
0
0
0
0
0
0
0
0
0
0
0
0
0
0
0
0
0
0
0
0
0
0
0
0
0
0
0
0
0
0
0
0
0
0
0
0
0
0
0
0
0
0
0
0
0
0
0
0
0
0
0
0
0
0
0
0
0
0
0
0
0
0
0
0
0
0
0
0
0
0
0
0
0
0
0
0
0
0
0
0
0
0
0
0
0
0
0
0
0
0
0
0
0
0
0
0
0
0
0
0
0
0
0
0
0
0
0
0
0
0
0
0
0
0
0
0
0
0
0
0
0
0
0
0
0
0
0
0
0
0
0
0
0
0
0
0
0
0
0
0
0
0
0
0
0
0
0
0
0
0
0
0
0
0
0
0
0
0
0
0
0
0
0
0
0
0
0
0
0
0
0
0
0
0
0
0
0
0
0
0
0
0
0
0
0
0
0
0
0
0
0
0
0
0
0
0
0
0
0
0
0
0
0
0
0
0
0
0
0
0
0
0
0
0
0
0
0
0
0
0
0
0
0
0
0
0
0
0
0
0
0
0
0
0
0
0
0
0
0
0
0
0
0
0
0
0
0
0
0
0
0
0
0
0
0
0
0
0
0
0
0
0
0
0
0
0
0
0
0
0
0
0
0
0
0
0
0
0
0
0
0
0
0
0
0
0
0
0
0
0
0
0
0
0
0
0
0
0
0
0
0
0
0
0
0
0
0
0
0
0
0
0
0
0
0
0
0
0
0
0
0
0
0
0
0
0
0
0
0
0
0
0
0
0
0
0
0
0
0
0
0
0
0
0
0
0
0
0
0
0
0
0
0
0
0
0
0
0
0
0
0
0
0
0
0
0
0
0
0
0
0
0
0
0
0
0
0
0
0
0
0
0
0
0
0
0
0
0
0
1175
1177
0
0
0
0
0
0
0
0
0
0
0
0
0
0
0
0
0
0
0
0
0
0
0
0
0
0
0
0
0
0
0
0
1175
1177
1203
1189
1199
0
0
0
0
0
0
0
0
0
1175
1177
0
0
0
0
0
0
0
0
0
0
0
0
0
0
0
0
0
0
0
1111
1179
1181
1179
1185
1223
0
0
0
1159
1159
1159
1159
1159
1159
1179
1189
1215
1221
1119
1121
0
0
0
0
0
0
0
0
0
0
0
0
0
0
1197
1139
1179
1185
1179
1189
1227
1159
1199
1175
0
0
0
0
0
0
1179
1181
0
0
1147
1149
1199
1197
1199
0
0
0
0
0
0
0
1111
1113
1159
1159
1225
1159
1187
1181
1179
1181
0
0
1251
1179
0
0
0
0
0
0
1179
1181
0
0
0
1169
1227
1225
1227
1199
1175
1177
0
0
1111
1113
1139
1141
0
0
0
0
1179
1181
1179
1181
1165
1163
1161
1179
0
0
0
0
0
0
1203
1181
0
0
0
0
1175
1177
1197
1225
1187
1189
1159
1159
1139
1141
0
0
0
0
0
0
1179
1181
1179
1181
0
0
1223
1179
0
0
0
0
0
0
1179
1181
0
0
0
0
1179
1161
1165
1171
1179
1185
0
0
0
0
0
0
0
0
0
0
1179
1181
1179
1181
0
0
1223
1179
