14
20
1014
0
0
0
0
0
0
0
0
0
0
0
0
0
0
0
0
0
0
1000
1014
0
0
0
0
0
0
0
0
0
0
0
0
0
0
0
0
0
0
1000
1014
0
0
0
0
0
0
0
0
0
0
0
0
0
0
0
0
0
0
1000
1014
0
0
0
0
0
0
0
0
0
0
0
0
0
0
0
0
0
0
1000
1014
0
0
0
0
0
0
0
0
0
0
0
0
0
0
0
0
0
0
1000
1014
0
0
0
0
0
0
0
0
0
0
0
0
0
0
0
0
0
0
1000
1014
0
0
0
0
0
0
0
998
998
998
998
0
0
0
0
0
0
0
1000
1014
0
0
0
0
0
0
0
0
0
0
0
0
0
0
0
0
0
0
1000
1014
0
0
0
0
0
0
0
0
0
0
0
0
0
0
0
0
0
0
1000
1014
998
998
998
998
998
0
0
0
0
0
0
0
0
0
0
0
0
0
1000
1014
0
0
0
0
0
0
0
0
0
0
0
998
998
998
998
0
0
0
1000
1014
0
0
0
0
0
0
0
0
0
0
0
0
0
0
0
0
0
0
1000
1014
0
0
0
0
0
0
0
0
0
0
0
0
0
0
0
0
0
0
1000
1014
1022
1022
1022
1022
1022
1022
1022
1022
1022
1022
1022
1022
1022
1022
1022
1022
1022
1022
1000
